,symbol,date,day,time,open,high,low,close,hlmean,volume,today_volume,volatility,v_factor,pct_change,spy_pct_change,pct_corr,volume:volatility
0,TSLA,2020-10-22, Thu, 11:46,431.8495,432.25,431.58,431.731,431.91,48162,24.535518,0.67,0.16,-2.221,-0.073,0.6535167871734014,0.694819686055888
1,TSLA,2020-10-22, Thu, 11:47,431.59,432.3799,431.45,432.3799,431.91,55300,24.590818,0.93,0.22,-2.192,-0.041,0.6535167871734014,0.694819686055888
2,TSLA,2020-10-22, Thu, 11:48,432.1647,432.99,432.1166,432.96,432.55,70758,24.661576,0.87,0.2,-2.054,-0.041,0.6535167871734014,0.694819686055888
3,TSLA,2020-10-22, Thu, 11:49,433.0,433.2,432.3001,432.5,432.75,90855,24.752431,0.9,0.21,-2.006,-0.015,0.6535167871734014,0.694819686055888
4,TSLA,2020-10-22, Thu, 11:50,432.39,433.04,432.03,432.9894,432.53,50972,24.803403,1.01,0.23,-2.043,-0.047,0.6535167871734014,0.694819686055888
5,TSLA,2020-10-22, Thu, 11:51,433.02,434.55,432.83,434.123,433.69,154470,24.957873,1.72,0.4,-1.701,-0.047,0.6535167871734014,0.694819686055888
6,TSLA,2020-10-22, Thu, 11:52,434.135,435.0,433.95,434.515,434.48,152361,25.110234,1.05,0.24,-1.599,0.0,0.6535167871734014,0.694819686055888
7,TSLA,2020-10-22, Thu, 11:53,434.5,434.61,433.5701,433.82,434.09,82034,25.192268,1.04,0.24,-1.688,-0.035,0.6535167871734014,0.694819686055888
8,TSLA,2020-10-22, Thu, 11:54,433.74,433.99,433.52,433.6219,433.75,38254,25.230522,0.47,0.11,-1.828,-0.035,0.6535167871734014,0.694819686055888
9,TSLA,2020-10-22, Thu, 11:55,433.44,433.68,433.0,433.0,433.34,60869,25.291391,0.68,0.16,-1.898,-0.09,0.6535167871734014,0.694819686055888
10,TSLA,2020-10-22, Thu, 11:56,433.1,433.49,432.6,432.6895,433.05,61659,25.35305,0.89,0.21,-1.941,-0.122,0.6535167871734014,0.694819686055888
11,TSLA,2020-10-22, Thu, 11:57,432.62,432.92,432.28,432.67,432.6,62383,25.415433,0.64,0.15,-2.07,-0.178,0.6535167871734014,0.694819686055888
12,TSLA,2020-10-22, Thu, 11:58,432.7399,433.4791,432.053,432.4117,432.77,82904,25.498337,1.43,0.33,-1.943,-0.138,0.6535167871734014,0.694819686055888
13,TSLA,2020-10-22, Thu, 11:59,432.4787,432.4787,432.0,432.2,432.24,46331,25.544668,0.48,0.11,-2.17,-0.146,0.6535167871734014,0.694819686055888
14,TSLA,2020-10-22, Thu, 12:00,432.1706,432.29,431.6,431.85,431.95,60895,25.605563,0.69,0.16,-2.212,-0.146,0.6535167871734014,0.694819686055888
15,TSLA,2020-10-22, Thu, 12:01,431.7923,432.28,430.6,430.93,431.44,122933,25.728496,1.68,0.39,-2.215,-0.169,0.6535167871734014,0.694819686055888
16,TSLA,2020-10-22, Thu, 12:02,431.01,431.3,430.8,431.1342,431.05,75647,25.804143,0.5,0.12,-2.436,-0.155,0.6535167871734014,0.694819686055888
17,TSLA,2020-10-22, Thu, 12:03,431.2599,431.5447,431.01,431.5,431.28,57565,25.861708,0.53,0.12,-2.381,-0.149,0.6535167871734014,0.694819686055888
18,TSLA,2020-10-22, Thu, 12:04,431.4919,431.5699,430.2262,430.595,430.9,90337,25.952045,1.34,0.31,-2.375,-0.149,0.6535167871734014,0.694819686055888
19,TSLA,2020-10-22, Thu, 12:05,430.595,431.3,430.3541,431.255,430.83,79118,26.031163,0.95,0.22,-2.436,-0.157,0.6535167871734014,0.694819686055888
20,TSLA,2020-10-22, Thu, 12:06,431.1986,431.62,430.7717,431.0,431.2,58003,26.089166,0.85,0.2,-2.364,-0.175,0.6535167871734014,0.694819686055888
21,TSLA,2020-10-22, Thu, 12:07,430.885,431.9,430.8092,431.7301,431.35,50615,26.139781,1.09,0.25,-2.301,-0.201,0.6535167871734014,0.694819686055888
22,TSLA,2020-10-22, Thu, 12:08,431.775,432.13,431.51,431.6929,431.82,46824,26.186605,0.62,0.14,-2.249,-0.169,0.6535167871734014,0.694819686055888
23,TSLA,2020-10-22, Thu, 12:09,431.51,432.0,431.5,431.88,431.75,35782,26.222387,0.5,0.12,-2.278,-0.169,0.6535167871734014,0.694819686055888
24,TSLA,2020-10-22, Thu, 12:10,431.76,432.41,431.44,432.2257,431.93,49644,26.272031,0.97,0.22,-2.185,-0.172,0.6535167871734014,0.694819686055888
25,TSLA,2020-10-22, Thu, 12:11,432.2257,432.32,431.74,431.865,432.03,39529,26.31156,0.58,0.13,-2.206,-0.13,0.6535167871734014,0.694819686055888
26,TSLA,2020-10-22, Thu, 12:12,431.8676,431.8676,430.9835,431.2183,431.43,58355,26.369915,0.88,0.2,-2.308,-0.13,0.6535167871734014,0.694819686055888
27,TSLA,2020-10-22, Thu, 12:13,431.05,431.72,431.01,431.545,431.37,32718,26.402633,0.71,0.16,-2.341,-0.16,0.6535167871734014,0.694819686055888
28,TSLA,2020-10-22, Thu, 12:14,431.6,431.6452,431.06,431.07,431.35,17781,26.420414,0.59,0.14,-2.358,-0.125,0.6535167871734014,0.694819686055888
29,TSLA,2020-10-22, Thu, 12:15,431.25,431.9776,431.25,431.89,431.61,33023,26.453437,0.73,0.17,-2.283,-0.141,0.6535167871734014,0.694819686055888
30,TSLA,2020-10-22, Thu, 12:16,431.9174,432.6,431.9174,432.38,432.26,75002,26.528439,0.68,0.16,-2.142,-0.141,0.6535167871734014,0.694819686055888
31,TSLA,2020-10-22, Thu, 12:17,432.4299,432.7777,432.21,432.55,432.49,49445,26.577884,0.57,0.13,-2.102,-0.041,0.6535167871734014,0.694819686055888
32,TSLA,2020-10-22, Thu, 12:18,432.53,432.65,431.8842,432.2259,432.27,52412,26.630296,0.77,0.18,-2.131,-0.082,0.6535167871734014,0.694819686055888
33,TSLA,2020-10-22, Thu, 12:19,432.29,432.3999,431.37,431.3701,431.88,37087,26.667383,1.03,0.24,-2.187,-0.061,0.6535167871734014,0.694819686055888
34,TSLA,2020-10-22, Thu, 12:20,431.37,431.78,431.37,431.37,431.57,38209,26.705592,0.41,0.1,-2.328,-0.061,0.6535167871734014,0.694819686055888
35,TSLA,2020-10-22, Thu, 12:21,431.4213,431.4213,430.8,431.1816,431.11,59616,26.765208,0.62,0.14,-2.409,-0.061,0.6535167871734014,0.694819686055888
36,TSLA,2020-10-22, Thu, 12:22,431.2115,431.69,431.08,431.66,431.38,24127,26.789335,0.61,0.14,-2.348,-0.079,0.6535167871734014,0.694819686055888
37,TSLA,2020-10-22, Thu, 12:23,431.65,432.0,431.38,431.3901,431.69,36244,26.825579,0.62,0.14,-2.278,-0.079,0.6535167871734014,0.694819686055888
38,TSLA,2020-10-22, Thu, 12:24,431.4,431.57,430.38,430.765,430.98,36214,26.861793,1.19,0.28,-2.375,-0.069,0.6535167871734014,0.694819686055888
39,TSLA,2020-10-22, Thu, 12:25,430.63,430.64,429.75,430.345,430.19,86728,26.948521,0.89,0.21,-2.586,-0.082,0.6535167871734014,0.694819686055888
40,TSLA,2020-10-22, Thu, 12:26,430.2501,430.5,430.0,430.399,430.25,36015,26.984536,0.5,0.12,-2.617,-0.128,0.6535167871734014,0.694819686055888
41,TSLA,2020-10-22, Thu, 12:27,430.36,430.5,429.91,429.929,430.21,38329,27.022865,0.59,0.14,-2.617,-0.128,0.6535167871734014,0.694819686055888
42,TSLA,2020-10-22, Thu, 12:28,429.88,430.1,429.55,429.9489,429.83,52766,27.075631,0.55,0.13,-2.708,-0.128,0.6535167871734014,0.694819686055888
43,TSLA,2020-10-22, Thu, 12:29,429.85,430.2397,429.7601,429.8616,430.0,36753,27.112384,0.48,0.11,-2.676,-0.14,0.6535167871734014,0.694819686055888
44,TSLA,2020-10-22, Thu, 12:30,429.89,430.29,429.56,430.29,429.93,49424,27.161808,0.73,0.17,-2.665,-0.09,0.6535167871734014,0.694819686055888
45,TSLA,2020-10-22, Thu, 12:31,430.22,430.59,430.22,430.43,430.4,43103,27.204911,0.37,0.09,-2.597,-0.079,0.6535167871734014,0.694819686055888
46,TSLA,2020-10-22, Thu, 12:32,430.3058,430.35,429.32,429.413,429.84,68260,27.273171,1.03,0.24,-2.651,-0.134,0.6535167871734014,0.694819686055888
47,TSLA,2020-10-22, Thu, 12:33,429.51,429.6499,428.71,429.09,429.18,83566,27.356737,0.94,0.22,-2.81,-0.175,0.6535167871734014,0.694819686055888
48,TSLA,2020-10-22, Thu, 12:34,429.03,429.27,428.81,429.09,429.04,35035,27.391772,0.46,0.11,-2.895,-0.175,0.6535167871734014,0.694819686055888
49,TSLA,2020-10-22, Thu, 12:35,429.01,429.48,428.68,429.2394,429.08,63126,27.454898,0.8,0.19,-2.848,-0.19,0.6535167871734014,0.694819686055888
50,TSLA,2020-10-22, Thu, 12:36,429.15,429.35,428.794,429.15,429.07,47261,27.502159,0.56,0.13,-2.877,-0.178,0.6535167871734014,0.694819686055888
51,TSLA,2020-10-22, Thu, 12:37,429.12,429.17,428.2001,428.44,428.69,55767,27.557926,0.97,0.23,-2.918,-0.184,0.6535167871734014,0.694819686055888
52,TSLA,2020-10-22, Thu, 12:38,428.3851,428.86,428.3,428.7568,428.58,44184,27.60211,0.56,0.13,-2.988,-0.192,0.6535167871734014,0.694819686055888
53,TSLA,2020-10-22, Thu, 12:39,428.8088,429.2,428.65,429.15,428.92,35138,27.637248,0.55,0.13,-2.911,-0.207,0.6535167871734014,0.694819686055888
54,TSLA,2020-10-22, Thu, 12:40,429.1,429.2,428.6173,429.1229,428.91,40710,27.677958,0.58,0.14,-2.911,-0.198,0.6535167871734014,0.694819686055888
55,TSLA,2020-10-22, Thu, 12:41,429.03,429.58,429.02,429.501,429.3,40044,27.718002,0.56,0.13,-2.825,-0.172,0.6535167871734014,0.694819686055888
56,TSLA,2020-10-22, Thu, 12:42,429.475,429.475,428.71,428.86,429.09,57670,27.775672,0.77,0.18,-2.849,-0.172,0.6535167871734014,0.694819686055888
57,TSLA,2020-10-22, Thu, 12:43,428.8666,429.0,428.31,428.485,428.65,38019,27.813691,0.69,0.16,-2.957,-0.192,0.6535167871734014,0.694819686055888
58,TSLA,2020-10-22, Thu, 12:44,428.5249,428.87,428.3,428.66,428.59,41557,27.855248,0.57,0.13,-2.986,-0.192,0.6535167871734014,0.694819686055888
59,TSLA,2020-10-22, Thu, 12:45,428.695,429.66,428.695,429.44,429.18,64090,27.919338,0.97,0.22,-2.807,-0.187,0.6535167871734014,0.694819686055888
60,TSLA,2020-10-22, Thu, 12:46,429.34,429.7,429.13,429.3774,429.41,62701,27.982039,0.57,0.13,-2.798,-0.117,0.6535167871734014,0.694819686055888
